1.000000000000000000e+00 1.371805073927844509e-01
2.000000000000000000e+00 1.522301698153860905e-01
3.000000000000000000e+00 1.636892949689503496e-01
4.000000000000000000e+00 1.732831042352620532e-01
5.000000000000000000e+00 1.811014076430492170e-01
6.000000000000000000e+00 1.870890591695707483e-01
7.000000000000000000e+00 1.900021603410980142e-01
8.000000000000000000e+00 1.900021603410980142e-01
1.000000000000000000e+01 1.900021603410980142e-01
1.200000000000000000e+01 1.900021603410980142e-01
1.400000000000000000e+01 1.900021603410980142e-01
1.600000000000000000e+01 1.900021603410980142e-01
1.800000000000000000e+01 1.900021603410980142e-01
2.000000000000000000e+01 1.900021603410980142e-01
