1.000000000000000000e+00 8.191148660809030591e-02
2.000000000000000000e+00 1.169413119682328750e-01
4.000000000000000000e+00 1.652789399344185561e-01
6.000000000000000000e+00 2.024400194855355828e-01
8.000000000000000000e+00 2.324219040076410114e-01
1.000000000000000000e+01 2.552486685386726739e-01
1.200000000000000000e+01 2.725164272411667588e-01
1.400000000000000000e+01 2.838397962936014540e-01
1.600000000000000000e+01 2.900799556821618275e-01
1.800000000000000000e+01 2.909999999999999809e-01
2.000000000000000000e+01 2.909999999999999809e-01
