1.000000000000000000e+00 8.000000000000000000e+01
2.000000000000000000e+00 4.228737273949265824e-02
4.000000000000000000e+00 6.000000000000000152e-05
6.000000000000000000e+00 2.800000000000000297e-06
8.000000000000000000e+00 5.999999999999999728e-07
1.000000000000000000e+01 1.100000000000000056e-07
1.200000000000000000e+01 5.344768288629741208e-08
1.400000000000000000e+01 2.499999999999999887e-08
1.600000000000000000e+01 1.549999999999999983e-08
1.800000000000000000e+01 1.150000000000000041e-08
2.000000000000000000e+01 8.500000000000000012e-09
