8.999999999999999667e-02 1.098511301233291021e-01
1.199999999999999956e-01 1.291011841918491554e-01
1.499999999999999944e-01 1.447731966970369488e-01
1.799999999999999933e-01 1.574122060635264608e-01
2.099999999999999922e-01 1.676643112500143251e-01
2.399999999999999911e-01 1.764270471054355249e-01
2.700000000000000178e-01 1.822416574390421928e-01
2.999999999999999889e-01 1.861974521770412838e-01
3.299999999999999600e-01 1.892597122302158152e-01
3.599999999999999867e-01 1.911651079136690856e-01
3.900000000000000133e-01 1.915483831500374712e-01
4.199999999999999845e-01 1.916263686090166340e-01
4.799999999999999822e-01 1.916271570133813162e-01
5.400000000000000355e-01 1.916271570133813162e-01
5.999999999999999778e-01 1.916271570133813162e-01
7.500000000000000000e-01 1.916271570133813162e-01
8.999999999999999112e-01 1.916271570133813162e-01
1.500000000000000000e+00 1.916271570133813162e-01
3.000000000000000000e+00 1.916271570133813162e-01
