8.999999999999999667e-02 1.446477678679408130e-01
1.199999999999999956e-01 1.572299923196195104e-01
1.499999999999999944e-01 1.667335953976367413e-01
1.799999999999999933e-01 1.731842686176764123e-01
2.099999999999999922e-01 1.765136104692318353e-01
2.399999999999999911e-01 1.778446661834930109e-01
2.700000000000000178e-01 1.778446661834930109e-01
2.999999999999999889e-01 1.778446661834930109e-01
3.299999999999999600e-01 1.778446661834930109e-01
3.599999999999999867e-01 1.778446661834930109e-01
4.499999999999999556e-01 1.778446661834930109e-01
5.100000000000000089e-01 1.778446661834930109e-01
5.400000000000000355e-01 1.778446661834930109e-01
5.999999999999999778e-01 1.778446661834930109e-01
6.749999999999999334e-01 1.778446661834930109e-01
7.500000000000000000e-01 1.778446661834930109e-01
8.999999999999999112e-01 1.778446661834930109e-01
1.500000000000000000e+00 1.778446661834930109e-01
3.000000000000000000e+00 1.778446661834930109e-01
