8.999999999999999667e-02 1.514761879875948245e-03
1.199999999999999956e-01 1.222508917619621969e-03
1.499999999999999944e-01 1.328378693858706886e-03
1.799999999999999933e-01 1.537485394706310715e-03
2.700000000000000178e-01 7.266519726485351841e-03
2.999999999999999889e-01 3.915288121964849086e-03
3.299999999999999600e-01 2.765433322954280373e-03
3.599999999999999867e-01 2.181791865407783828e-03
4.199999999999999845e-01 1.631036151625265933e-03
4.799999999999999822e-01 1.339787443972312092e-03
5.400000000000000355e-01 1.183094350900000015e-03
5.999999999999999778e-01 1.084122299999999966e-03
6.749999999999999334e-01 1.013936599999999992e-03
7.500000000000000000e-01 9.522373499999999946e-04
8.999999999999999112e-01 9.021239960000000408e-04
1.500000000000000000e+00 8.497179999999999577e-04
3.000000000000000000e+00 8.563400553054776763e-04
