8.999999999999999667e-02 2.886939046959051056e-03
1.199999999999999956e-01 4.414535702609772259e-03
1.499999999999999944e-01 5.568537272473192586e-03
1.799999999999999933e-01 6.922138542907159756e-03
4.199999999999999845e-01 1.151830958045500369e-01
4.799999999999999822e-01 2.033528232482506234e-02
5.400000000000000355e-01 1.069353409629746413e-02
5.999999999999999778e-01 7.576239616354906586e-03
7.500000000000000000e-01 3.991463201999999842e-03
8.999999999999999112e-01 3.127000000000000005e-03
1.500000000000000000e+00 1.778000000000000067e-03
3.000000000000000000e+00 1.217958832401002181e-03
