8.758618722965049175e-01
2.220689212667135981e-01
3.179402607834123096e-01
5.293107873328639634e-02
1.241381277034950686e-01
8.758618722965049175e-01
2.220689212667135981e-01
3.179402607834123651e-01
5.293107873328638940e-02
1.241381277034950548e-01
8.758618722965049175e-01
2.220689212667135981e-01
3.179402607834123651e-01
5.293107873328638247e-02
1.241381277034950409e-01
8.758618722965049175e-01
2.220689212667135981e-01
3.179402607834123096e-01
5.293107873328638247e-02
1.241381277034950548e-01
8.758618722965049175e-01
2.220689212667135981e-01
3.179402607834123651e-01
5.293107873328638247e-02
1.241381277034950409e-01
8.758618722965049175e-01
2.220689212667135981e-01
3.179402607834123651e-01
5.293107873328638940e-02
1.241381277034950409e-01
8.758618722965049175e-01
2.220689212667135981e-01
3.179402607834123096e-01
5.293107873328638940e-02
1.241381277034950548e-01
8.758618722965049175e-01
2.220689212667135981e-01
3.179402607834123651e-01
5.293107873328638940e-02
