4.550804345350085295e-02
3.523930977703769452e-02
2.621426464454245514e-03
2.397606902229623138e-01
9.544919565464992095e-01
4.550804345350085295e-02
3.523930977703769452e-02
2.621426464454245514e-03
2.397606902229623138e-01
9.544919565464992095e-01
4.550804345350085295e-02
3.523930977703769452e-02
2.621426464454244647e-03
2.397606902229623138e-01
9.544919565464992095e-01
4.550804345350085295e-02
3.523930977703769452e-02
2.621426464454244647e-03
2.397606902229623138e-01
9.544919565464992095e-01
4.550804345350085295e-02
3.523930977703769452e-02
2.621426464454244647e-03
2.397606902229623138e-01
9.544919565464992095e-01
4.550804345350085295e-02
3.523930977703769452e-02
2.621426464454245514e-03
2.397606902229623138e-01
9.544919565464992095e-01
4.550804345350085295e-02
3.523930977703769452e-02
2.621426464454245080e-03
2.397606902229623138e-01
9.544919565464992095e-01
4.550804345350085295e-02
3.523930977703769452e-02
2.621426464454245514e-03
2.397606902229623138e-01
