2.420623629772449548e-01
7.946403166988011413e-02
3.144271114859555072e-02
1.955359683301198803e-01
7.579376370227549620e-01
3.995250030565002386e-01
1.148931256877125523e-01
7.503435093669018341e-02
1.601068743122874283e-01
6.004749969434997059e-01
5.775328992339986423e-01
1.549449023276496806e-01
1.462770332333859502e-01
1.200550976723502999e-01
4.224671007660013577e-01
6.464876173179371355e-01
1.704597138965358583e-01
1.801374821231255530e-01
1.045402861034641084e-01
3.535123826820628090e-01
5.775328992339777701e-01
1.549449023276449899e-01
1.462770332333762635e-01
1.200550976723549906e-01
4.224671007660222299e-01
3.995250030564699295e-01
1.148931256877057383e-01
7.503435093668002487e-02
1.601068743122942839e-01
6.004749969435300150e-01
2.420623629772280239e-01
7.946403166987631161e-02
3.144271114859182453e-02
1.955359683301237106e-01
7.579376370227719484e-01
1.889187812293128821e-01
6.750672577659540263e-02
2.084703528233165445e-02
2.074932742234045779e-01
