6.285267385361982262e-01
6.343245209244108285e-01
6.460514521997987591e-01
6.639426439041062888e-01
6.882802439874784461e-01
7.193065246831910065e-01
7.571095116533731462e-01
8.014922550598656548e-01
8.518486895709824758e-01
9.070799699534537464e-01
9.655875393374516724e-01
1.025365679298637644e+00
1.084186603655882264e+00
1.139836520924037089e+00
1.190339940331568425e+00
1.234114730996356490e+00
1.270029067892085806e+00
1.297367038252082105e+00
1.315735320398877084e+00
1.324951827230762769e+00
1.324951827230766765e+00
1.315735320398889074e+00
1.297367038252101645e+00
1.270029067892112895e+00
1.234114730996390463e+00
1.190339940331608615e+00
1.139836520924082386e+00
1.084186603655931336e+00
1.025365679298688493e+00
9.655875393375022986e-01
9.070799699535023741e-01
8.518486895710275508e-01
8.014922550599059559e-01
7.571095116534080072e-01
7.193065246832202053e-01
6.882802439875018718e-01
6.639426439041240524e-01
6.460514521998113047e-01
6.343245209244181559e-01
6.285267385362006687e-01
