6.279076078958703011e-01
6.318905050396397272e-01
6.417486344941897292e-01
6.576894611563453008e-01
6.799883826416522892e-01
7.089112007145871308e-01
7.446075980571769115e-01
7.869836394025495618e-01
8.355723666514390802e-01
8.894334822020411035e-01
9.471190713982315934e-01
1.006734256029623520e+00
1.066096377357337088e+00
1.122961370057821151e+00
1.175258706931231467e+00
1.221272794472092027e+00
1.259731366728466639e+00
1.289796955126858213e+00
1.310987605222709851e+00
1.323066883319879095e+00
1.325941401271908182e+00
1.319593556268299883e+00
1.304064614765418462e+00
1.279491606849730179e+00
1.246190299562068171e+00
1.204764424150555513e+00
1.156208959327392982e+00
1.101967104560582555e+00
1.043904039942423756e+00
9.841810577522084325e-01
9.250476630952071400e-01
8.686021240125033627e-01
8.165846081158512071e-01
7.702533649678193761e-01
7.303619722725029906e-01
6.972227044487635528e-01
6.708220549175958336e-01
6.509524639429795645e-01
6.373334881421790499e-01
6.297078643159693678e-01
