1.199999999999999956e-01 1.260050359712230117e+00
1.499999999999999944e-01 1.334107932214660730e+00
1.799999999999999933e-01 1.385634509101372647e+00
2.099999999999999922e-01 1.414790482657655613e+00
2.999999999999999889e-01 1.422678575332942064e+00
3.900000000000000133e-01 1.422733742008178925e+00
4.499999999999999556e-01 1.422807471396848378e+00
5.999999999999999778e-01 1.422807471385624023e+00
7.500000000000000000e-01 1.422807471385624023e+00
8.999999999999999112e-01 1.422807471385624023e+00
