8.999999999999999667e-02 8.278509032270681134e-01
1.199999999999999956e-01 9.848700089471036367e-01
1.350000000000000089e-01 1.0533568434718268e+00
1.499999999999999944e-01 1.116482537467703651e+00
1.799999999999999933e-01 1.223584037396206803e+00
2.099999999999999922e-01 1.309780575539568614e+00
2.700000000000000178e-01 1.430413865387841765e+00
3.299999999999999600e-01 1.500377697841726699e+00
3.900000000000000133e-01 1.531342336844712770e+00
4.499999999999999556e-01 1.532635733055125238e+00
5.999999999999999778e-01 1.532635733055125238e+00
7.500000000000000000e-01 1.532635733055125238e+00
8.999999999999999112e-01 1.532635733055125238e+00
