1.199999999999999956e-01 3.757764594776123520e-06
1.499999999999999944e-01 3.468091151034690308e-06
1.799999999999999933e-01 6.823057089218623050e-06
2.099999999999999922e-01 8.707170287342669445e-06
2.999999999999999889e-01 6.526236928230993084e-06
3.900000000000000133e-01 9.473608150889998422e-07
4.499999999999999556e-01 5.338589102352430795e-07
5.999999999999999778e-01 2.962216809087307157e-07
7.500000000000000000e-01 2.849921544826840457e-07
8.999999999999999112e-01 2.893048128925441484e-07
