4.550804345350090846e-02
3.523930977703772921e-02
2.621426464454250718e-03
2.397606902229625359e-01
9.544919565465000977e-01
4.550804345350090846e-02
3.523930977703772921e-02
2.621426464454250285e-03
2.397606902229625081e-01
9.544919565465000977e-01
4.550804345350090846e-02
3.523930977703772921e-02
2.621426464454250718e-03
2.397606902229625081e-01
9.544919565465000977e-01
4.550804345350091540e-02
3.523930977703772921e-02
2.621426464454250718e-03
2.397606902229625081e-01
9.544919565465000977e-01
4.550804345350091540e-02
3.523930977703772921e-02
2.621426464454250718e-03
2.397606902229625081e-01
9.544919565465000977e-01
4.550804345350091540e-02
3.523930977703772921e-02
2.621426464454251152e-03
2.397606902229625081e-01
9.544919565465000977e-01
4.550804345350091540e-02
3.523930977703772921e-02
2.621426464454250718e-03
2.397606902229625359e-01
9.544919565465000977e-01
4.550804345350090846e-02
3.523930977703772921e-02
2.621426464454250285e-03
2.397606902229625359e-01
9.544919565465000977e-01
4.550804345350090846e-02
3.523930977703772921e-02
2.621426464454250285e-03
2.397606902229625081e-01
9.544919565465000977e-01
4.550804345350090846e-02
3.523930977703772921e-02
2.621426464454249851e-03
2.397606902229625359e-01
9.544919565465000977e-01
4.550804345350090152e-02
3.523930977703772921e-02
2.621426464454249851e-03
2.397606902229625359e-01
9.544919565465000977e-01
4.550804345350090846e-02
3.523930977703772921e-02
2.621426464454250285e-03
2.397606902229625359e-01
9.544919565465000977e-01
4.550804345350090152e-02
3.523930977703772921e-02
2.621426464454249851e-03
2.397606902229625359e-01
9.544919565465000977e-01
4.550804345350090846e-02
3.523930977703772921e-02
2.621426464454250718e-03
2.397606902229625359e-01
9.544919565465000977e-01
4.550804345350091540e-02
3.523930977703772921e-02
2.621426464454250285e-03
2.397606902229625081e-01
9.544919565465000977e-01
4.550804345350090846e-02
3.523930977703772921e-02
2.621426464454250718e-03
2.397606902229625081e-01
9.544919565465000977e-01
4.550804345350090846e-02
3.523930977703772921e-02
2.621426464454250718e-03
2.397606902229625081e-01
9.544919565465000977e-01
4.550804345350090152e-02
3.523930977703772921e-02
2.621426464454249851e-03
2.397606902229625359e-01
9.544919565465000977e-01
4.550804345350090152e-02
3.523930977703772921e-02
2.621426464454249417e-03
2.397606902229625359e-01
9.544919565465000977e-01
4.550804345350090152e-02
3.523930977703772921e-02
2.621426464454249851e-03
2.397606902229625359e-01
9.544919565465000977e-01
4.550804345350090152e-02
3.523930977703772921e-02
2.621426464454249417e-03
2.397606902229625359e-01
9.544919565465000977e-01
4.550804345350090152e-02
3.523930977703772921e-02
2.621426464454249851e-03
2.397606902229625359e-01
9.544919565465000977e-01
4.550804345350090846e-02
3.523930977703772921e-02
2.621426464454250718e-03
2.397606902229625081e-01
9.544919565465000977e-01
4.550804345350091540e-02
3.523930977703772921e-02
2.621426464454250718e-03
2.397606902229625081e-01
9.544919565465000977e-01
4.550804345350091540e-02
3.523930977703772921e-02
2.621426464454250718e-03
2.397606902229625081e-01
9.544919565465000977e-01
4.550804345350090846e-02
3.523930977703772921e-02
2.621426464454250285e-03
2.397606902229625359e-01
9.544919565465000977e-01
4.550804345350090152e-02
3.523930977703772921e-02
2.621426464454249851e-03
2.397606902229625359e-01
9.544919565465000977e-01
4.550804345350090846e-02
3.523930977703772921e-02
2.621426464454249851e-03
2.397606902229625359e-01
9.544919565465000977e-01
4.550804345350090152e-02
3.523930977703772921e-02
2.621426464454249851e-03
2.397606902229625359e-01
9.544919565465000977e-01
4.550804345350090846e-02
3.523930977703772921e-02
2.621426464454250285e-03
2.397606902229625359e-01
9.544919565465000977e-01
4.550804345350091540e-02
3.523930977703772921e-02
2.621426464454250718e-03
2.397606902229625081e-01
9.544919565465000977e-01
4.550804345350091540e-02
3.523930977703772921e-02
2.621426464454251152e-03
2.397606902229625081e-01
9.544919565465000977e-01
4.550804345350091540e-02
3.523930977703772921e-02
2.621426464454250718e-03
2.397606902229625081e-01
9.544919565465000977e-01
4.550804345350090846e-02
3.523930977703772921e-02
2.621426464454249851e-03
2.397606902229625359e-01
9.544919565465000977e-01
4.550804345350090152e-02
3.523930977703772921e-02
2.621426464454249417e-03
2.397606902229625359e-01
9.544919565465000977e-01
4.550804345350090846e-02
3.523930977703772921e-02
2.621426464454249851e-03
2.397606902229625359e-01
9.544919565465000977e-01
4.550804345350090152e-02
3.523930977703772921e-02
2.621426464454249417e-03
2.397606902229625359e-01
9.544919565465000977e-01
4.550804345350090152e-02
3.523930977703772921e-02
2.621426464454249851e-03
2.397606902229625359e-01
9.544919565465000977e-01
4.550804345350091540e-02
3.523930977703772921e-02
2.621426464454250718e-03
2.397606902229625081e-01
9.544919565465000977e-01
4.550804345350091540e-02
3.523930977703772921e-02
2.621426464454250718e-03
2.397606902229625081e-01
9.544919565465000977e-01
4.550804345350091540e-02
3.523930977703772921e-02
2.621426464454251152e-03
2.397606902229625081e-01
9.544919565465000977e-01
4.550804345350090846e-02
3.523930977703772921e-02
2.621426464454250718e-03
2.397606902229625359e-01
9.544919565465000977e-01
4.550804345350090846e-02
3.523930977703772921e-02
2.621426464454249851e-03
2.397606902229625359e-01
9.544919565465000977e-01
4.550804345350090846e-02
3.523930977703772921e-02
2.621426464454250285e-03
2.397606902229625359e-01
9.544919565465000977e-01
4.550804345350090846e-02
3.523930977703772921e-02
2.621426464454249851e-03
2.397606902229625359e-01
9.544919565465000977e-01
4.550804345350090846e-02
3.523930977703772921e-02
2.621426464454250718e-03
2.397606902229625359e-01
9.544919565465000977e-01
4.550804345350091540e-02
3.523930977703772921e-02
2.621426464454250718e-03
2.397606902229625081e-01
9.544919565465000977e-01
4.550804345350091540e-02
3.523930977703772921e-02
2.621426464454251586e-03
2.397606902229625081e-01
9.544919565465000977e-01
4.550804345350091540e-02
3.523930977703772921e-02
2.621426464454250718e-03
2.397606902229625359e-01
9.544919565465000977e-01
4.550804345350091540e-02
3.523930977703772921e-02
2.621426464454250718e-03
2.397606902229625081e-01
9.544919565465000977e-01
4.550804345350091540e-02
3.523930977703772921e-02
2.621426464454250718e-03
2.397606902229625081e-01
9.544919565465000977e-01
4.550804345350091540e-02
3.523930977703772921e-02
2.621426464454250718e-03
2.397606902229625081e-01
9.544919565465000977e-01
4.550804345350091540e-02
3.523930977703772921e-02
2.621426464454251152e-03
2.397606902229625081e-01
9.544919565465000977e-01
4.550804345350091540e-02
3.523930977703772921e-02
2.621426464454251586e-03
2.397606902229625081e-01
9.544919565465000977e-01
4.550804345350091540e-02
3.523930977703772921e-02
2.621426464454250718e-03
2.397606902229625359e-01
9.544919565465000977e-01
4.550804345350091540e-02
3.523930977703772921e-02
2.621426464454250718e-03
2.397606902229625359e-01
9.544919565465000977e-01
4.550804345350090846e-02
3.523930977703772921e-02
2.621426464454250285e-03
2.397606902229625359e-01
9.544919565465000977e-01
4.550804345350090846e-02
3.523930977703772921e-02
2.621426464454250718e-03
2.397606902229625081e-01
9.544919565465000977e-01
4.550804345350091540e-02
3.523930977703772921e-02
2.621426464454250718e-03
2.397606902229625081e-01
9.544919565465000977e-01
4.550804345350091540e-02
3.523930977703772921e-02
2.621426464454251152e-03
2.397606902229625081e-01
9.544919565465000977e-01
4.550804345350091540e-02
3.523930977703772921e-02
2.621426464454250718e-03
2.397606902229625081e-01
9.544919565465000977e-01
4.550804345350091540e-02
3.523930977703773615e-02
2.621426464454250718e-03
2.397606902229625081e-01
9.544919565465000977e-01
4.550804345350091540e-02
3.523930977703772921e-02
2.621426464454250718e-03
2.397606902229625359e-01
9.544919565465000977e-01
4.550804345350091540e-02
3.523930977703772921e-02
2.621426464454250718e-03
2.397606902229625081e-01
