8.758618722965056946e-01
2.220689212667137924e-01
3.179402607834129202e-01
5.293107873328637553e-02
1.241381277034949160e-01
8.758618722965058057e-01
2.220689212667138202e-01
3.179402607834129202e-01
5.293107873328636859e-02
1.241381277034949021e-01
8.758618722965058057e-01
2.220689212667138202e-01
3.179402607834129757e-01
5.293107873328638247e-02
1.241381277034949160e-01
8.758618722965058057e-01
2.220689212667138202e-01
3.179402607834129757e-01
5.293107873328637553e-02
1.241381277034949160e-01
8.758618722965058057e-01
2.220689212667138202e-01
3.179402607834129757e-01
5.293107873328637553e-02
1.241381277034949160e-01
8.758618722965058057e-01
2.220689212667138202e-01
3.179402607834129757e-01
5.293107873328637553e-02
1.241381277034949160e-01
8.758618722965058057e-01
2.220689212667138202e-01
3.179402607834129202e-01
5.293107873328638247e-02
1.241381277034949299e-01
8.758618722965056946e-01
2.220689212667137924e-01
3.179402607834129757e-01
5.293107873328638247e-02
1.241381277034949160e-01
8.758618722965058057e-01
2.220689212667138202e-01
3.179402607834129757e-01
5.293107873328637553e-02
1.241381277034949160e-01
8.758618722965056946e-01
2.220689212667137924e-01
3.179402607834129757e-01
5.293107873328638247e-02
1.241381277034949299e-01
8.758618722965056946e-01
2.220689212667137924e-01
3.179402607834129202e-01
5.293107873328637553e-02
1.241381277034949299e-01
8.758618722965058057e-01
2.220689212667138202e-01
3.179402607834129757e-01
5.293107873328636859e-02
1.241381277034949021e-01
8.758618722965058057e-01
2.220689212667138202e-01
3.179402607834129757e-01
5.293107873328637553e-02
1.241381277034949160e-01
8.758618722965058057e-01
2.220689212667138202e-01
3.179402607834129757e-01
5.293107873328637553e-02
1.241381277034949160e-01
8.758618722965058057e-01
2.220689212667138202e-01
3.179402607834129757e-01
5.293107873328637553e-02
1.241381277034949299e-01
8.758618722965058057e-01
2.220689212667138202e-01
3.179402607834129757e-01
5.293107873328637553e-02
1.241381277034949160e-01
8.758618722965056946e-01
2.220689212667138202e-01
3.179402607834129202e-01
5.293107873328637553e-02
1.241381277034949299e-01
8.758618722965058057e-01
2.220689212667138202e-01
3.179402607834129757e-01
5.293107873328637553e-02
1.241381277034949021e-01
8.758618722965058057e-01
2.220689212667138202e-01
3.179402607834129202e-01
5.293107873328638247e-02
1.241381277034949299e-01
8.758618722965058057e-01
2.220689212667138202e-01
3.179402607834129202e-01
5.293107873328637553e-02
1.241381277034949160e-01
8.758618722965058057e-01
2.220689212667137924e-01
3.179402607834129202e-01
5.293107873328638247e-02
1.241381277034949160e-01
8.758618722965058057e-01
2.220689212667138202e-01
3.179402607834129757e-01
5.293107873328638247e-02
1.241381277034949299e-01
8.758618722965058057e-01
2.220689212667137924e-01
3.179402607834129202e-01
5.293107873328638247e-02
1.241381277034949299e-01
8.758618722965056946e-01
2.220689212667137924e-01
3.179402607834128647e-01
5.293107873328638247e-02
1.241381277034949437e-01
8.758618722965058057e-01
2.220689212667138202e-01
3.179402607834129757e-01
5.293107873328637553e-02
1.241381277034949160e-01
8.758618722965058057e-01
2.220689212667138202e-01
3.179402607834129757e-01
5.293107873328637553e-02
1.241381277034949160e-01
8.758618722965058057e-01
2.220689212667137924e-01
3.179402607834129757e-01
5.293107873328637553e-02
1.241381277034949160e-01
8.758618722965058057e-01
2.220689212667138202e-01
3.179402607834129757e-01
5.293107873328637553e-02
1.241381277034949160e-01
8.758618722965058057e-01
2.220689212667138202e-01
3.179402607834129757e-01
5.293107873328637553e-02
1.241381277034949299e-01
8.758618722965056946e-01
2.220689212667137924e-01
3.179402607834129202e-01
5.293107873328638247e-02
1.241381277034949299e-01
8.758618722965056946e-01
2.220689212667137924e-01
3.179402607834129202e-01
5.293107873328638247e-02
1.241381277034949437e-01
8.758618722965056946e-01
2.220689212667137924e-01
3.179402607834128647e-01
5.293107873328638940e-02
1.241381277034949576e-01
8.758618722965058057e-01
2.220689212667137924e-01
3.179402607834129757e-01
5.293107873328637553e-02
1.241381277034949299e-01
8.758618722965058057e-01
2.220689212667138202e-01
3.179402607834129202e-01
5.293107873328638247e-02
1.241381277034949437e-01
8.758618722965056946e-01
2.220689212667137924e-01
3.179402607834129757e-01
5.293107873328638247e-02
1.241381277034949299e-01
8.758618722965056946e-01
2.220689212667138202e-01
3.179402607834129757e-01
5.293107873328638247e-02
1.241381277034949299e-01
8.758618722965058057e-01
2.220689212667138202e-01
3.179402607834129202e-01
5.293107873328638247e-02
1.241381277034949437e-01
8.758618722965058057e-01
2.220689212667138202e-01
3.179402607834129757e-01
5.293107873328637553e-02
1.241381277034949160e-01
8.758618722965056946e-01
2.220689212667137924e-01
3.179402607834129202e-01
5.293107873328638247e-02
1.241381277034949299e-01
8.758618722965058057e-01
2.220689212667137924e-01
3.179402607834129202e-01
5.293107873328637553e-02
1.241381277034949299e-01
8.758618722965058057e-01
2.220689212667138202e-01
3.179402607834129757e-01
5.293107873328637553e-02
1.241381277034949299e-01
8.758618722965058057e-01
2.220689212667138202e-01
3.179402607834129202e-01
5.293107873328637553e-02
1.241381277034949299e-01
8.758618722965058057e-01
2.220689212667138202e-01
3.179402607834129202e-01
5.293107873328638247e-02
1.241381277034949299e-01
8.758618722965058057e-01
2.220689212667137924e-01
3.179402607834129757e-01
5.293107873328637553e-02
1.241381277034949299e-01
8.758618722965058057e-01
2.220689212667138202e-01
3.179402607834129202e-01
5.293107873328638247e-02
1.241381277034949437e-01
8.758618722965056946e-01
2.220689212667137924e-01
3.179402607834129202e-01
5.293107873328637553e-02
1.241381277034949299e-01
8.758618722965058057e-01
2.220689212667138202e-01
3.179402607834129757e-01
5.293107873328637553e-02
1.241381277034949299e-01
8.758618722965058057e-01
2.220689212667138202e-01
3.179402607834129757e-01
5.293107873328637553e-02
1.241381277034949299e-01
8.758618722965056946e-01
2.220689212667137924e-01
3.179402607834129202e-01
5.293107873328638247e-02
1.241381277034949299e-01
8.758618722965058057e-01
2.220689212667138202e-01
3.179402607834129202e-01
5.293107873328637553e-02
1.241381277034949160e-01
8.758618722965058057e-01
2.220689212667137924e-01
3.179402607834129202e-01
5.293107873328637553e-02
1.241381277034949299e-01
8.758618722965056946e-01
2.220689212667138202e-01
3.179402607834129757e-01
5.293107873328638247e-02
1.241381277034949299e-01
8.758618722965058057e-01
2.220689212667138202e-01
3.179402607834129757e-01
5.293107873328636859e-02
1.241381277034949021e-01
8.758618722965056946e-01
2.220689212667138202e-01
3.179402607834129757e-01
5.293107873328638247e-02
1.241381277034949299e-01
8.758618722965058057e-01
2.220689212667137924e-01
3.179402607834129202e-01
5.293107873328637553e-02
1.241381277034949299e-01
8.758618722965056946e-01
2.220689212667138202e-01
3.179402607834129757e-01
5.293107873328637553e-02
1.241381277034949299e-01
8.758618722965056946e-01
2.220689212667138202e-01
3.179402607834129757e-01
5.293107873328637553e-02
1.241381277034949160e-01
8.758618722965058057e-01
2.220689212667138202e-01
3.179402607834129757e-01
5.293107873328636859e-02
1.241381277034949160e-01
8.758618722965056946e-01
2.220689212667138202e-01
3.179402607834129202e-01
5.293107873328637553e-02
1.241381277034949160e-01
8.758618722965058057e-01
2.220689212667137924e-01
3.179402607834129757e-01
5.293107873328637553e-02
1.241381277034949160e-01
8.758618722965056946e-01
2.220689212667137924e-01
3.179402607834129202e-01
5.293107873328638247e-02
1.241381277034949299e-01
8.758618722965056946e-01
2.220689212667138202e-01
3.179402607834129202e-01
5.293107873328638247e-02
1.241381277034949299e-01
8.758618722965056946e-01
2.220689212667138202e-01
3.179402607834129757e-01
5.293107873328638247e-02
1.241381277034949299e-01
8.758618722965058057e-01
2.220689212667138202e-01
3.179402607834129202e-01
5.293107873328638247e-02
