1.478975325043681288e-01
5.827694481348281996e-02
1.408898886970267467e-02
2.167230551865171329e-01
8.521024674956316769e-01
1.478975325043681288e-01
5.827694481348282690e-02
1.408898886970267640e-02
2.167230551865171051e-01
8.521024674956316769e-01
1.478975325043681843e-01
5.827694481348283384e-02
1.408898886970268334e-02
2.167230551865171329e-01
8.521024674956316769e-01
1.478975325043681843e-01
5.827694481348284078e-02
1.408898886970268161e-02
2.167230551865171329e-01
8.521024674956315659e-01
1.478975325043681566e-01
5.827694481348282690e-02
1.408898886970267640e-02
2.167230551865170773e-01
8.521024674956316769e-01
1.478975325043681288e-01
5.827694481348282690e-02
1.408898886970267640e-02
2.167230551865171329e-01
8.521024674956316769e-01
1.478975325043681011e-01
5.827694481348281996e-02
1.408898886970267120e-02
2.167230551865171329e-01
8.521024674956316769e-01
1.478975325043681011e-01
5.827694481348281996e-02
1.408898886970266946e-02
2.167230551865171329e-01
8.521024674956316769e-01
2.610703806336047150e-01
8.374083564256104562e-02
3.573691134083867293e-02
1.912591643574388933e-01
7.389296193663951184e-01
2.610703806336047705e-01
8.374083564256107337e-02
3.573691134083868681e-02
1.912591643574388933e-01
7.389296193663950074e-01
2.610703806336048260e-01
8.374083564256108725e-02
3.573691134083870763e-02
1.912591643574388378e-01
7.389296193663950074e-01
2.610703806336048260e-01
8.374083564256108725e-02
3.573691134083870763e-02
1.912591643574388378e-01
7.389296193663948964e-01
2.610703806336047705e-01
8.374083564256107337e-02
3.573691134083869375e-02
1.912591643574388378e-01
7.389296193663950074e-01
2.610703806336047150e-01
8.374083564256104562e-02
3.573691134083867293e-02
1.912591643574388656e-01
7.389296193663951184e-01
2.610703806336046595e-01
8.374083564256101786e-02
3.573691134083864518e-02
1.912591643574388933e-01
7.389296193663951184e-01
2.610703806336046595e-01
8.374083564256104562e-02
3.573691134083866600e-02
1.912591643574389211e-01
7.389296193663951184e-01
4.936778792520815085e-01
1.360775228317183394e-01
1.098126025710546849e-01
1.389224771682816273e-01
5.063221207479182695e-01
4.936778792520815085e-01
1.360775228317183394e-01
1.098126025710546710e-01
1.389224771682816273e-01
5.063221207479183805e-01
4.936778792520815085e-01
1.360775228317183394e-01
1.098126025710546710e-01
1.389224771682815995e-01
5.063221207479182695e-01
4.936778792520816195e-01
1.360775228317183672e-01
1.098126025710547127e-01
1.389224771682815995e-01
5.063221207479181585e-01
4.936778792520814529e-01
1.360775228317183116e-01
1.098126025710546433e-01
1.389224771682816273e-01
5.063221207479182695e-01
4.936778792520813419e-01
1.360775228317182839e-01
1.098126025710545878e-01
1.389224771682816550e-01
5.063221207479183805e-01
4.936778792520813974e-01
1.360775228317183116e-01
1.098126025710546294e-01
1.389224771682816273e-01
5.063221207479183805e-01
4.936778792520814529e-01
1.360775228317183116e-01
1.098126025710546294e-01
1.389224771682816273e-01
5.063221207479183805e-01
6.633853069812473136e-01
1.742616940707806539e-01
1.889687115724449917e-01
1.007383059292193128e-01
3.366146930187524644e-01
6.633853069812473136e-01
1.742616940707806816e-01
1.889687115724449917e-01
1.007383059292192989e-01
3.366146930187525199e-01
6.633853069812472025e-01
1.742616940707806261e-01
1.889687115724449362e-01
1.007383059292193267e-01
3.366146930187525754e-01
6.633853069812473136e-01
1.742616940707806539e-01
1.889687115724449917e-01
1.007383059292192989e-01
3.366146930187524644e-01
6.633853069812473136e-01
1.742616940707806539e-01
1.889687115724450195e-01
1.007383059292192851e-01
3.366146930187524644e-01
6.633853069812472025e-01
1.742616940707806261e-01
1.889687115724449085e-01
1.007383059292193128e-01
3.366146930187525754e-01
6.633853069812472025e-01
1.742616940707806261e-01
1.889687115724449640e-01
1.007383059292193128e-01
3.366146930187525199e-01
6.633853069812472025e-01
1.742616940707806261e-01
1.889687115724449640e-01
1.007383059292193128e-01
3.366146930187525199e-01
6.633853069812339909e-01
1.742616940707776563e-01
1.889687115724379418e-01
1.007383059292222965e-01
3.366146930187658426e-01
6.633853069812339909e-01
1.742616940707776285e-01
1.889687115724378863e-01
1.007383059292223243e-01
3.366146930187658981e-01
6.633853069812339909e-01
1.742616940707776285e-01
1.889687115724378863e-01
1.007383059292223104e-01
3.366146930187658426e-01
6.633853069812339909e-01
1.742616940707776285e-01
1.889687115724379141e-01
1.007383059292223104e-01
3.366146930187658426e-01
6.633853069812339909e-01
1.742616940707776285e-01
1.889687115724378863e-01
1.007383059292223104e-01
3.366146930187658426e-01
6.633853069812338799e-01
1.742616940707776285e-01
1.889687115724378585e-01
1.007383059292223243e-01
3.366146930187658981e-01
6.633853069812338799e-01
1.742616940707776285e-01
1.889687115724378585e-01
1.007383059292223243e-01
3.366146930187658981e-01
6.633853069812338799e-01
1.742616940707776285e-01
1.889687115724378863e-01
1.007383059292223104e-01
3.366146930187658426e-01
4.936778792520442605e-01
1.360775228317099572e-01
1.098126025710396275e-01
1.389224771682900095e-01
5.063221207479555730e-01
4.936778792520442050e-01
1.360775228317099572e-01
1.098126025710395998e-01
1.389224771682900095e-01
5.063221207479555730e-01
4.936778792520443160e-01
1.360775228317099850e-01
1.098126025710396553e-01
1.389224771682899817e-01
5.063221207479555730e-01
4.936778792520441494e-01
1.360775228317099017e-01
1.098126025710395720e-01
1.389224771682900372e-01
5.063221207479556840e-01
4.936778792520440939e-01
1.360775228317099295e-01
1.098126025710395720e-01
1.389224771682900372e-01
5.063221207479556840e-01
4.936778792520439274e-01
1.360775228317098740e-01
1.098126025710394887e-01
1.389224771682900650e-01
5.063221207479559061e-01
4.936778792520439829e-01
1.360775228317099017e-01
1.098126025710394887e-01
1.389224771682900650e-01
5.063221207479557950e-01
4.936778792520440384e-01
1.360775228317099017e-01
1.098126025710395443e-01
1.389224771682900372e-01
5.063221207479556840e-01
2.610703806335772370e-01
8.374083564255487000e-02
3.573691134083227527e-02
1.912591643574450828e-01
7.389296193664225409e-01
2.610703806335772370e-01
8.374083564255485612e-02
3.573691134083226834e-02
1.912591643574450551e-01
7.389296193664225409e-01
2.610703806335772370e-01
8.374083564255488388e-02
3.573691134083228221e-02
1.912591643574450551e-01
7.389296193664225409e-01
2.610703806335771815e-01
8.374083564255485612e-02
3.573691134083225446e-02
1.912591643574451106e-01
7.389296193664226520e-01
2.610703806335771260e-01
8.374083564255485612e-02
3.573691134083225446e-02
1.912591643574451106e-01
7.389296193664226520e-01
2.610703806335770705e-01
8.374083564255484224e-02
3.573691134083224058e-02
1.912591643574451106e-01
7.389296193664227630e-01
2.610703806335771260e-01
8.374083564255484224e-02
3.573691134083224752e-02
1.912591643574451106e-01
7.389296193664226520e-01
2.610703806335771815e-01
8.374083564255485612e-02
3.573691134083226140e-02
1.912591643574450828e-01
7.389296193664226520e-01
1.478975325043603850e-01
5.827694481348107830e-02
1.408898886970151587e-02
2.167230551865188537e-01
8.521024674956394485e-01
1.478975325043603850e-01
5.827694481348107830e-02
1.408898886970151414e-02
2.167230551865188815e-01
8.521024674956394485e-01
1.478975325043603850e-01
5.827694481348107830e-02
1.408898886970151414e-02
2.167230551865188537e-01
8.521024674956394485e-01
1.478975325043603850e-01
5.827694481348107830e-02
1.408898886970151414e-02
2.167230551865188815e-01
8.521024674956394485e-01
1.478975325043603573e-01
5.827694481348107830e-02
1.408898886970151240e-02
2.167230551865188537e-01
8.521024674956394485e-01
1.478975325043603017e-01
5.827694481348107136e-02
1.408898886970150546e-02
2.167230551865189092e-01
8.521024674956394485e-01
1.478975325043603295e-01
5.827694481348107136e-02
1.408898886970150720e-02
2.167230551865188815e-01
8.521024674956394485e-01
1.478975325043603573e-01
5.827694481348107830e-02
1.408898886970151414e-02
2.167230551865188259e-01
