5.140612712876118096e-01
5.159162993735969538e-01
5.198594952025544780e-01
5.263775699459743995e-01
5.362488382997847580e-01
5.505906381551148865e-01
5.708972562692525843e-01
5.990307686052998015e-01
6.371009753649788943e-01
6.871481559617991230e-01
7.505571245701042615e-01
8.272385721928281477e-01
9.148418826664643788e-01
1.008496364673312051e+00
1.101511967958690219e+00
1.186918068733526344e+00
1.259064508143351802e+00
1.314449989969409982e+00
1.351552861760640267e+00
1.370061586652071561e+00
1.370061627558805561e+00
1.351552984857434137e+00
1.314450195270351784e+00
1.259064792247968301e+00
1.186918420954551134e+00
1.101512367817256699e+00
1.008496783240825589e+00
9.148422883952047613e-01
8.272389385874098222e-01
7.505574355175550494e-01
6.871484065299915400e-01
6.371011690743294542e-01
5.990309135754595671e-01
5.708973620147084205e-01
5.505907136168539662e-01
5.362488909445213281e-01
5.263776055375907204e-01
5.198595179024140256e-01
5.159163119489985627e-01
5.140612753099391696e-01
