5.000000000000000000e-01 8.184506122784687143e-01
6.999999999999999556e-01 1.139000000000000012e+00
1.000000000000000000e+00 1.531226354575786264e+00
1.250000000000000000e+00 1.796342840024084841e+00
1.500000000000000000e+00 2.051364858705247762e+00
2.000000000000000000e+00 2.458531982756473777e+00
2.250000000000000000e+00 2.612310023402578452e+00
2.500000000000000000e+00 2.750438750686622580e+00
2.750000000000000000e+00 2.861062785979878509e+00
3.000000000000000000e+00 2.941061611494367511e+00
3.500000000000000000e+00 2.979734116662136945e+00 
4.000000000000000000e+00 2.988870941789670610e+00
6.000000000000000000e+00 2.988870941789670610e+00
8.000000000000000000e+00 2.988870941789670610e+00
