5.000000000000000000e-01 1.931451536375184963e+00
6.999999999999999556e-01 2.048747156813583992e+00
1.000000000000000000e+00 2.127093368581959520e+00
1.199999999999999956e+00 2.134440925728038341e+00
1.500000000000000000e+00 2.134440925728038341e+00
2.000000000000000000e+00 2.134440925728038341e+00
2.500000000000000000e+00 2.134440925728038341e+00
3.000000000000000000e+00 2.134440925728038341e+00
4.000000000000000000e+00 2.134440925728038341e+00
6.000000000000000000e+00 2.134440925728038341e+00
8.000000000000000000e+00 2.134440925728038341e+00
