5.000000000000000000e-01 3.110400000000000000e+23
6.999999999999999556e-01 2.073600000000000000e+17
1.199999999999999956e+00 1.100000000000000000e+07
1.500000000000000000e+00 6.900000000000000000e+04
2.000000000000000000e+00 5.100000000000000000e+01
2.500000000000000000e+00 5.000000000000000000e-01
3.000000000000000000e+00 2.000000000000000042e-02
4.000000000000000000e+00 3.299999999999999982e-04
6.000000000000000000e+00 3.000000000000000076e-06
8.000000000000000000e+00 3.200000000000000067e-07
