3.615345281548213996e-01
3.615345281548213996e-01
3.615345281548213996e-01
3.615345281548213996e-01
3.615345281548213996e-01
3.615345281548213996e-01
3.615345281548213996e-01
3.615345281548213996e-01
3.615345281548213996e-01
3.615345281548213996e-01
3.615345281548213996e-01
3.615345281548213996e-01
3.615345281548213996e-01
3.615345281548213996e-01
3.615345281548213996e-01
3.615345281548213996e-01
3.615345281548213996e-01
3.615345281548213996e-01
3.615345281548213996e-01
3.615345281548213996e-01
3.615345281548213996e-01
3.615345281548213996e-01
3.615345281548213996e-01
3.615345281548213996e-01
3.615345281548213996e-01
3.615345281548213996e-01
3.615345281548213996e-01
3.615345281548213996e-01
3.615345281548213996e-01
3.615345281548213996e-01
3.615345281548213996e-01
3.615345281548213996e-01
3.615345281548213996e-01
3.615345281548213996e-01
3.615345281548213996e-01
3.615345281548213996e-01
3.615345281548213996e-01
3.615345281548213996e-01
3.615345281548213996e-01
3.615345281548213996e-01
3.615345281548213996e-01
3.615345281548213996e-01
3.615345281548213996e-01
3.615345281548213996e-01
3.615345281548213996e-01
3.615345281548213996e-01
3.615345281548213996e-01
3.615345281548213996e-01
3.615345281548213996e-01
3.615345281548213996e-01
3.615345281548213996e-01
3.615345281548213996e-01
3.615345281548213996e-01
3.615345281548213996e-01
3.615345281548213996e-01
3.615345281548213996e-01
3.615345281548213996e-01
3.615345281548213996e-01
3.615345281548213996e-01
3.615345281548213996e-01
3.615345281548213996e-01
3.615345281548213996e-01
3.615345281548213996e-01
3.615345281548213996e-01
3.615345281548213996e-01
3.615345281548213996e-01
3.615345281548213996e-01
3.615345281548213996e-01
3.615345281548213996e-01
3.615345281548213996e-01
3.615345281548214551e-01
3.615345281548214551e-01
3.615345281548213996e-01
3.615345281548213996e-01
3.615345281548213996e-01
3.615345281548213996e-01
3.615345281548214551e-01
3.615345281548214551e-01
3.615345281548214551e-01
3.615345281548213996e-01
3.615345281548213996e-01
3.615345281548213996e-01
3.615345281548213996e-01
3.615345281548213996e-01
3.615345281548213996e-01
3.615345281548214551e-01
3.615345281548214551e-01
3.615345281548214551e-01
3.615345281548213996e-01
3.615345281548213996e-01
3.615345281548213996e-01
3.615345281548213996e-01
3.615345281548213996e-01
3.615345281548213996e-01
3.615345281548213996e-01
3.615345281548213996e-01
3.615345281548213996e-01
3.615345281548214551e-01
3.615345281548214551e-01
3.615345281548214551e-01
3.615345281548214551e-01
3.615345281548213996e-01
3.615345281548213996e-01
3.615345281548213996e-01
3.615345281548213996e-01
3.615345281548213996e-01
3.615345281548213996e-01
3.615345281548213996e-01
3.615345281548213996e-01
3.615345281548214551e-01
3.615345281548213996e-01
3.615345281548214551e-01
3.615345281548214551e-01
3.615345281548214551e-01
3.615345281548214551e-01
3.615345281548213996e-01
3.615345281548213996e-01
3.615345281548213996e-01
3.615345281548213996e-01
3.615345281548213996e-01
3.615345281548213996e-01
3.615345281548213996e-01
3.615345281548213996e-01
3.615345281548213996e-01
3.615345281548214551e-01
3.615345281548214551e-01
3.615345281548213996e-01
3.615345281548213996e-01
3.615345281548213996e-01
3.615345281548213996e-01
3.615345281548213996e-01
3.615345281548213996e-01
3.615345281548213996e-01
3.615345281548213996e-01
3.615345281548213996e-01
3.615345281548213996e-01
3.615345281548213996e-01
3.615345281548213996e-01
3.615345281548213996e-01
3.615345281548213996e-01
3.615345281548213996e-01
3.615345281548213996e-01
3.615345281548213996e-01
3.615345281548213996e-01
