1.772487502591807429e+00
1.772487502591807207e+00
1.772487502591807651e+00
1.772487502591807429e+00
1.772487502591807873e+00
1.772487502591808317e+00
1.772487502591808317e+00
1.772487502591807873e+00
1.772487502591807873e+00
1.772487502591807651e+00
1.772487502591807429e+00
1.772487502591807429e+00
1.772487502591807429e+00
1.772487502591807651e+00
1.772487502591807651e+00
1.772487502591807651e+00
1.772487502591807873e+00
1.772487502591808317e+00
1.772487502591808317e+00
1.772487502591807873e+00
1.772487502591807873e+00
1.772487502591807651e+00
1.772487502591807651e+00
1.772487502591807429e+00
1.772487502591807651e+00
1.772487502591807873e+00
1.772487502591807873e+00
1.772487502591807873e+00
1.772487502591807873e+00
1.772487502591808317e+00
1.772487502591808317e+00
1.772487502591807873e+00
1.772487502591807873e+00
1.772487502591808095e+00
1.772487502591808095e+00
1.772487502591807651e+00
1.772487502591808095e+00
1.772487502591807873e+00
1.772487502591807873e+00
1.772487502591807873e+00
1.772487502591808095e+00
1.772487502591808317e+00
1.772487502591808317e+00
1.772487502591808095e+00
1.772487502591808317e+00
1.772487502591808095e+00
1.772487502591808095e+00
1.772487502591808095e+00
1.772487502591808095e+00
1.772487502591808095e+00
1.772487502591808095e+00
1.772487502591807873e+00
1.772487502591807651e+00
1.772487502591807651e+00
1.772487502591807651e+00
1.772487502591807873e+00
1.772487502591808095e+00
1.772487502591808095e+00
1.772487502591807873e+00
1.772487502591808317e+00
1.772487502591807651e+00
1.772487502591807651e+00
1.772487502591807651e+00
1.772487502591807651e+00
1.772487502591807429e+00
1.772487502591807429e+00
1.772487502591807651e+00
1.772487502591807651e+00
1.772487502591807651e+00
1.772487502591807651e+00
1.772487502591808095e+00
1.772487502591808095e+00
1.772487502591807429e+00
1.772487502591807429e+00
1.772487502591807429e+00
1.772487502591807429e+00
1.772487502591807651e+00
1.772487502591807429e+00
1.772487502591807651e+00
1.772487502591807651e+00
1.772487502591807429e+00
1.772487502591807429e+00
1.772487502591807651e+00
1.772487502591807429e+00
1.772487502591807429e+00
1.772487502591807429e+00
1.772487502591807429e+00
1.772487502591807873e+00
1.772487502591807873e+00
1.772487502591807651e+00
1.772487502591807651e+00
1.772487502591807651e+00
1.772487502591807651e+00
1.772487502591807651e+00
1.772487502591807429e+00
1.772487502591807429e+00
1.772487502591807429e+00
1.772487502591807207e+00
1.772487502591807429e+00
1.772487502591807651e+00
1.772487502591807873e+00
1.772487502591807651e+00
1.772487502591807651e+00
1.772487502591807651e+00
1.772487502591807873e+00
1.772487502591807873e+00
1.772487502591807873e+00
1.772487502591807429e+00
1.772487502591807429e+00
1.772487502591807207e+00
1.772487502591807207e+00
1.772487502591807651e+00
1.772487502591807873e+00
1.772487502591808095e+00
1.772487502591808317e+00
1.772487502591808095e+00
1.772487502591807873e+00
1.772487502591807651e+00
1.772487502591807429e+00
1.772487502591807429e+00
1.772487502591807207e+00
1.772487502591807429e+00
1.772487502591807429e+00
1.772487502591807429e+00
1.772487502591807873e+00
1.772487502591808317e+00
1.772487502591808317e+00
1.772487502591808317e+00
1.772487502591807873e+00
1.772487502591807873e+00
1.772487502591807429e+00
1.772487502591807429e+00
1.772487502591807207e+00
1.772487502591807207e+00
1.772487502591807429e+00
1.772487502591807207e+00
1.772487502591807873e+00
1.772487502591808317e+00
1.772487502591808317e+00
1.772487502591807873e+00
1.772487502591807873e+00
1.772487502591807651e+00
1.772487502591807429e+00
1.772487502591807429e+00
