1.326185631193973924e+00
1.215406919707236799e+00
1.053998117494164832e+00
8.893434502466227576e-01
7.727152105420571626e-01
7.317039175683685004e-01
7.727152105418356731e-01
8.893434502462196356e-01
1.053998117493693654e+00
1.215406919706849109e+00
1.326185631193765868e+00
1.364552750898990974e+00
1.162937891773569099e+00
1.053998117494198361e+00
9.066365328313924499e-01
7.673315537867149150e-01
6.737842288298869775e-01
6.416882128324687962e-01
6.737842288297125615e-01
7.673315537863849567e-01
9.066365328309794469e-01
1.053998117493828879e+00
1.162937891773357268e+00
1.202392149297828450e+00
9.856912340343192414e-01
8.893434502466512903e-01
7.673315537867149150e-01
6.589440762939841045e-01
5.890219456554568467e-01
5.654438782952692089e-01
5.890219456553281718e-01
6.589440762937339713e-01
7.673315537863844016e-01
8.893434502463339886e-01
9.856912340341261736e-01
1.022084768244956532e+00
8.541063392024448309e-01
7.727152105420443950e-01
6.737842288298587778e-01
5.890219456554360855e-01
5.355142952522194966e-01
5.176276667874534221e-01
5.355142952521216859e-01
5.890219456552431287e-01
6.737842288295960991e-01
7.727152105417814942e-01
8.541063392022784084e-01
8.857066497630239343e-01
8.067664568207700837e-01
7.317039175682911178e-01
6.416882128323923018e-01
5.654438782952133646e-01
5.176276667874252224e-01
5.016830276420931600e-01
5.176276667873379589e-01
5.654438782950405029e-01
6.416882128321547141e-01
7.317039175680500884e-01
8.067664568206156517e-01
8.361812193607471855e-01
8.541063392020252776e-01
7.727152105416790207e-01
6.737842288295712301e-01
5.890219456552240329e-01
5.355142952520584032e-01
5.176276667873097592e-01
5.355142952519604815e-01
5.890219456550308541e-01
6.737842288293083293e-01
7.727152105414158978e-01
8.541063392018588551e-01
8.857066497625861734e-01
9.856912340335828304e-01
8.893434502459864888e-01
7.673315537861710167e-01
6.589440762935717677e-01
5.890219456551388788e-01
5.654438782949844366e-01
5.890219456550100929e-01
6.589440762933211904e-01
7.673315537858401703e-01
8.893434502456689650e-01
9.856912340333896516e-01
1.022084768244198916e+00
1.162937891772758192e+00
1.053998117493421649e+00
9.066365328307116611e-01
7.673315537861702396e-01
6.737842288294543236e-01
6.416882128320775536e-01
6.737842288292795745e-01
7.673315537858397262e-01
9.066365328302979920e-01
1.053998117493051723e+00
1.162937891772546362e+00
1.202392149297013324e+00
1.326185631193348868e+00
1.215406919706597977e+00
1.053998117493556430e+00
8.893434502461002866e-01
7.727152105416240646e-01
7.317039175679714846e-01
7.727152105414021310e-01
8.893434502456964985e-01
1.053998117493084585e+00
1.215406919706209621e+00
1.326185631193140368e+00
1.364552750898377464e+00
1.432041727488670979e+00
1.326185631193575576e+00
1.162937891773129451e+00
9.856912340339186729e-01
8.541063392021416290e-01
8.067664568205650255e-01
8.541063392018869438e-01
9.856912340334713640e-01
1.162937891772636956e+00
1.326185631193195658e+00
1.432041727488476468e+00
1.467525449399981419e+00
1.467525449400229443e+00
1.364552750898870404e+00
1.202392149297668134e+00
1.022084768244807318e+00
8.857066497629373369e-01
8.361812193607465193e-01
8.857066497626716606e-01
1.022084768244347464e+00
1.202392149297173196e+00
1.364552750898497813e+00
1.467525449400042037e+00
1.501636796236351268e+00
1.432041727488990723e+00
1.326185631193918413e+00
1.162937891773477839e+00
9.856912340342364187e-01
8.541063392024155210e-01
8.067664568208193776e-01
8.541063392021610579e-01
9.856912340337895539e-01
1.162937891772985788e+00
1.326185631193538939e+00
1.432041727488796212e+00
1.467525449400289839e+00
