1.432041727488692962e+00
1.326185631193563363e+00
1.162937891773095034e+00
9.856912340338880307e-01
8.541063392021432943e-01
8.067664568206167619e-01
8.541063392019961897e-01
9.856912340336295708e-01
1.162937891772810373e+00
1.326185631193343983e+00
1.432041727488580829e+00
1.467525449400042259e+00
1.326185631193428360e+00
1.215406919706642386e+00
1.053998117493577746e+00
8.893434502461192714e-01
7.727152105416640326e-01
7.317039175680513097e-01
7.727152105415360239e-01
8.893434502458863467e-01
1.053998117493305298e+00
1.215406919706418565e+00
1.326185631193308234e+00
1.364552750898498701e+00
1.162937891772873655e+00
1.053998117493497144e+00
9.066365328307594007e-01
7.673315537862088753e-01
6.737842288295038395e-01
6.416882128321559353e-01
6.737842288294030313e-01
7.673315537860182500e-01
9.066365328305205917e-01
1.053998117493283981e+00
1.162937891772751531e+00
1.202392149297174306e+00
9.856912340336875245e-01
8.893434502460509927e-01
7.673315537862089863e-01
6.589440762936008555e-01
5.890219456551751831e-01
5.654438782950413911e-01
5.890219456551006871e-01
6.589440762934560825e-01
7.673315537860179170e-01
8.893434502458675839e-01
9.856912340335759470e-01
1.022084768244348574e+00
8.541063392020726841e-01
7.727152105416955630e-01
6.737842288295724513e-01
5.890219456552253652e-01
5.355142952520698385e-01
5.176276667873385140e-01
5.355142952520132171e-01
5.890219456551137878e-01
6.737842288294206838e-01
7.727152105415434624e-01
8.541063392019764278e-01
8.857066497626721047e-01
8.067664568207365550e-01
7.317039175682394925e-01
6.416882128323417867e-01
5.654438782951768383e-01
5.176276667874070148e-01
5.016830276420933821e-01
5.176276667873564996e-01
5.654438782950769182e-01
6.416882128322045631e-01
7.317039175681001595e-01
8.067664568206472930e-01
8.361812193607461863e-01
8.541063392023253709e-01
7.727152105419157202e-01
6.737842288297458682e-01
5.890219456553532629e-01
5.355142952521670940e-01
5.176276667874251114e-01
5.355142952521104727e-01
5.890219456552416855e-01
6.737842288295941007e-01
7.727152105417636196e-01
8.541063392022292255e-01
8.857066497629360047e-01
9.856912340341313916e-01
8.893434502464516722e-01
7.673315537865369462e-01
6.589440762938496565e-01
5.890219456553669186e-01
5.654438782952130316e-01
5.890219456552923116e-01
6.589440762937048834e-01
7.673315537863457658e-01
8.893434502462682634e-01
9.856912340340197032e-01
1.022084768244805320e+00
1.162937891773362820e+00
1.053998117493965658e+00
9.066365328311702942e-01
7.673315537865375013e-01
6.737842288297648530e-01
6.416882128323916357e-01
6.737842288296638227e-01
7.673315537863465430e-01
9.066365328309312632e-01
1.053998117493752051e+00
1.162937891773240473e+00
1.202392149297665913e+00
1.326185631193805614e+00
1.215406919707028077e+00
1.053998117493945008e+00
8.893434502464346858e-01
7.727152105419252681e-01
7.317039175682904517e-01
7.727152105417970374e-01
8.893434502462012059e-01
1.053998117493672559e+00
1.215406919706803812e+00
1.326185631193685266e+00
1.364552750898868849e+00
1.432041727488885918e+00
1.326185631193770087e+00
1.162937891773305310e+00
9.856912340340797662e-01
8.541063392023083845e-01
8.067664568207698617e-01
8.541063392021611689e-01
9.856912340338211953e-01
1.162937891773020649e+00
1.326185631193550707e+00
1.432041727488773564e+00
1.467525449400228554e+00
1.467525449400189475e+00
1.364552750898791578e+00
1.202392149297563995e+00
1.022084768244710951e+00
8.857066497628823809e-01
8.361812193607477406e-01
8.857066497627287260e-01
1.022084768244445163e+00
1.202392149297278001e+00
1.364552750898576194e+00
1.467525449400081339e+00
1.501636796236351268e+00
